-0.959873   -1
-0.926034   -1
-0.909266   -1
-0.891938   -1
-0.865691   -1
-0.850070   -1
-0.805610   1
-0.778696   -1
-0.770982   -1
-0.770337   -1
-0.736761   -1
-0.726361   -1
-0.669775   -1
-0.655233   -1
-0.588918   -1
-0.583303   -1
-0.537192   -1
-0.535446   -1
-0.534547   -1
-0.530727   -1
-0.509565   -1
-0.496448   -1
-0.478917   -1
-0.448018   -1
-0.446281   -1
-0.413902   -1
-0.382692   -1
-0.374891   -1
-0.364242   -1
-0.361669   -1
-0.346581   -1
-0.341468   -1
-0.339902   -1
-0.337096   1
-0.281556   -1
-0.276388   1
-0.271026   -1
-0.206952   -1
-0.201133   -1
-0.193960   1
-0.153542   -1
-0.136927   -1
-0.124532   1
-0.111365   -1
-0.100539   -1
-0.067036   -1
-0.063973   -1
-0.042268   -1
-0.038624   -1
-0.023996   -1
0.017525   1
0.018581   1
0.075167   -1
0.116393   1
0.150469   1
0.157682   1
0.174883   1
0.183593   1
0.202635   1
0.228236   1
0.243707   1
0.249593   1
0.251095   1
0.268886   1
0.273515   -1
0.286203   -1
0.286619   1
0.319566   1
0.356233   1
0.357415   1
0.379274   1
0.433788   1
0.477496   1
0.533190   1
0.538162   1
0.554397   1
0.561012   -1
0.565135   1
0.577584   1
0.629954   1
0.634561   1
0.641769   1
0.645671   1
0.689782   1
0.691981   1
0.735595   1
0.789107   1
0.824164   1
0.838433   1
0.848369   1
0.882909   1
0.888132   1
0.927172   1
0.931396   1
0.951429   1
0.957170   1
0.959583   1
0.966006   -1
0.982334   1
0.992395   1



